7 7 7 7 7 6 6 7 7 7 6 6 7 7 7 7 7 
7 7 7 7 7 7 7 7 7 7 7 7 7 4 4 4 4 
4 4 4 4 7 7 7 7 7 7 7 7 7 7 7 7 7 
7 7 7 7 7 7 7 4 4 4 2 7 7 7 7 7 7 
5 5 5 5 5 5 5 5 5 5 5 5 5 5 5 5 5 
1 1 1 1 1 1 1 1 1 1 1 1 1 1 3 3 3 
1 1 1 1 1 1 1 1 1 1 1 1 1 1 1 1 11 
1 1 1 1 1 1 1 3 3 1 1 1 1 1 1 1 1 
1 1 1 1 1 9 9 9 9 9 9 9 1 1 1 1 1 
1 1 1 1 1 1 1 1 1 1 1 1 1 1 3 3 3 
1 1 1 1 1 1 1 1 1 1 1 11 11 1 1 1 1 
1 1 1 3 3 3 3 1 1 1 1 1 1 1 1 1 1 
5 5 5 5 5 5 5 5 5 5 5 5 5 5 5 5 5 
8 8 8 8 8 8 8 8 8 8 8 8 8 8 8 8 8 
265 130
One